100
2 3
1 4 5
1 6 7
2 8 9
2 10 11
3 12 13
3 14 15
4 16 17
4 18 19
5 20 21
5 22 23
6 24 25
6 26 27
7 28 29
7 30 31
8 32 33
8 34 35
9 36 37
9 38 39
10 40 41
10 42 43
11 44 45
11 46 47
12 48 49
12 50 51
13 52 53
13 54 55
14 56 57
14 58 59
15 60 61
15 62 63
16 64 65
16 66 67
17 68 69
17 70 71
18 72 73
18 74 75
19 76 77
19 78 79
20 80 81
20 82 83
21 84 85
21 86 87
22 88 89
22 90 91
23 92 93
23 94 95
24 96 97
24 98 99
25
25
26
26
27
27
28
28
29
29
30
30
31
31
32
32
33
33
34
34
35
35
36
36
37
37
38
38
39
39
40
40
41
41
42
42
43
43
44
44
45
45
46
46
47
47
48
48
49
49

