300
2 3
1 4 5
1 6 7
2 8 9
2 10 11
3 12 13
3 14 15
4 16 17
4 18 19
5 20 21
5 22 23
6 24 25
6 26 27
7 28 29
7 30 31
8 32 33
8 34 35
9 36 37
9 38 39
10 40 41
10 42 43
11 44 45
11 46 47
12 48 49
12 50 51
13 52 53
13 54 55
14 56 57
14 58 59
15 60 61
15 62 63
16 64 65
16 66 67
17 68 69
17 70 71
18 72 73
18 74 75
19 76 77
19 78 79
20 80 81
20 82 83
21 84 85
21 86 87
22 88 89
22 90 91
23 92 93
23 94 95
24 96 97
24 98 99
25 100 101
25 102 103
26 104 105
26 106 107
27 108 109
27 110 111
28 112 113
28 114 115
29 116 117
29 118 119
30 120 121
30 122 123
31 124 125
31 126 127
32 128 129
32 130 131
33 132 133
33 134 135
34 136 137
34 138 139
35 140 141
35 142 143
36 144 145
36 146 147
37 148 149
37 150 151
38 152 153
38 154 155
39 156 157
39 158 159
40 160 161
40 162 163
41 164 165
41 166 167
42 168 169
42 170 171
43 172 173
43 174 175
44 176 177
44 178 179
45 180 181
45 182 183
46 184 185
46 186 187
47 188 189
47 190 191
48 192 193
48 194 195
49 196 197
49 198 199
50 200 201
50 202 203
51 204 205
51 206 207
52 208 209
52 210 211
53 212 213
53 214 215
54 216 217
54 218 219
55 220 221
55 222 223
56 224 225
56 226 227
57 228 229
57 230 231
58 232 233
58 234 235
59 236 237
59 238 239
60 240 241
60 242 243
61 244 245
61 246 247
62 248 249
62 250 251
63 252 253
63 254 255
64 256 257
64 258 259
65 260 261
65 262 263
66 264 265
66 266 267
67 268 269
67 270 271
68 272 273
68 274 275
69 276 277
69 278 279
70 280 281
70 282 283
71 284 285
71 286 287
72 288 289
72 290 291
73 292 293
73 294 295
74 296 297
74 298 299
75
75
76
76
77
77
78
78
79
79
80
80
81
81
82
82
83
83
84
84
85
85
86
86
87
87
88
88
89
89
90
90
91
91
92
92
93
93
94
94
95
95
96
96
97
97
98
98
99
99
100
100
101
101
102
102
103
103
104
104
105
105
106
106
107
107
108
108
109
109
110
110
111
111
112
112
113
113
114
114
115
115
116
116
117
117
118
118
119
119
120
120
121
121
122
122
123
123
124
124
125
125
126
126
127
127
128
128
129
129
130
130
131
131
132
132
133
133
134
134
135
135
136
136
137
137
138
138
139
139
140
140
141
141
142
142
143
143
144
144
145
145
146
146
147
147
148
148
149
149

